1.000000000 0.000000000 0.000000000 0.000000000 0.000000000 1.000000000 0.000000000 0.000000000 0.000000000 0.000000000 1.000000000 0.000000000
0.999990880 0.001232580 -0.004090756 -0.010017931 -0.001238978 0.999998033 -0.001561865 -0.003222236 0.004088823 0.001566919 0.999990404 0.688996494
0.999968827 0.001404846 -0.007771239 -0.024292875 -0.001427735 0.999994636 -0.002940621 -0.003189559 0.007767066 0.002951625 0.999965489 1.395411730
0.999914944 0.002852806 -0.012728662 -0.036056623 -0.002901113 0.999988794 -0.003778296 -0.002175542 0.012717742 0.003814902 0.999911845 2.128912210
0.999852598 0.001956667 -0.017058343 -0.051521547 -0.002023857 0.999990284 -0.003922454 -0.009883792 0.017050503 0.003956400 0.999846756 2.871441841
0.999758482 0.003778497 -0.021651326 -0.076109260 -0.003892544 0.999978781 -0.005227704 -0.012863805 0.021631110 0.005310720 0.999751925 3.628266096
0.999629080 0.006129704 -0.026532896 -0.102430902 -0.006285033 0.999963582 -0.005774712 -0.023775095 0.026496530 0.005939330 0.999631226 4.399746418
0.999503672 0.006710464 -0.030778896 -0.133013651 -0.006840497 0.999968112 -0.004121407 -0.030075658 0.030750258 0.004329904 0.999517739 5.181849480
0.999357522 0.005677674 -0.035388414 -0.163068265 -0.005738886 0.999982178 -0.001628361 -0.033733841 0.035378531 0.001830405 0.999372303 5.988358021
0.999238431 0.005659965 -0.038607396 -0.200031132 -0.005615835 0.999983370 0.001251406 -0.043304075 0.038613841 -0.001033641 0.999253690 6.801502228
0.999121189 0.007022915 -0.041322704 -0.242186189 -0.007018491 0.999975324 0.000252151 -0.046776544 0.041323468 0.000038094 0.999145746 7.619212151
0.999030709 0.006485326 -0.043538187 -0.280523032 -0.006485542 0.999978960 0.000136309 -0.053026080 0.043538157 0.000146192 0.999051750 8.436054230
0.998971164 0.003549180 -0.045210876 -0.320015490 -0.003566461 0.999993563 -0.000301554 -0.057671767 0.045209523 0.000462487 0.998977363 9.272134781
0.998862267 0.003449542 -0.047563087 -0.357758671 -0.003430650 0.999993980 0.000478859 -0.064081125 0.047564458 -0.000315142 0.998868108 10.118819237
0.998797476 0.001558878 -0.049002152 -0.401989758 -0.001554930 0.999998808 0.000118679 -0.070159420 0.049002271 -0.000042342 0.998798668 10.963870049
0.998707592 0.003770041 -0.050684374 -0.452293307 -0.003870378 0.999990821 -0.001881651 -0.079853885 0.050676804 0.002075387 0.998712957 11.822260857
0.998646736 0.004308287 -0.051828168 -0.509012759 -0.004553122 0.999979079 -0.004606850 -0.086565167 0.051807228 0.004836595 0.998645365 12.691990852
0.998446941 0.009497974 -0.054895308 -0.606965721 -0.009825668 0.999935448 -0.005702626 -0.112958647 0.054837607 0.006233153 0.998475850 14.431650162
0.998385012 0.008776884 -0.056127422 -0.665421486 -0.009016111 0.999951303 -0.004010411 -0.128760368 0.056089491 0.004509985 0.998415649 15.344665527
0.998245656 0.008546615 -0.058586590 -0.768481672 -0.008707682 0.999958992 -0.002494471 -0.150758162 0.058562860 0.003000248 0.998279154 17.117835999
0.998144627 0.008287241 -0.060320113 -0.827051759 -0.008499197 0.999958575 -0.003258117 -0.158817634 0.060290612 0.003764745 0.998173714 18.031047821
0.998097062 0.006749081 -0.061292175 -0.883374155 -0.007000546 0.999967933 -0.003888897 -0.173435614 0.061263971 0.004310575 0.998112261 18.937891006
0.998095632 0.011407570 -0.060621671 -0.954076290 -0.011345488 0.999934673 0.001368208 -0.215362906 0.060633317 -0.000677821 0.998159826 19.993150711
0.998133361 0.012315908 -0.059818339 -1.011327267 -0.012019830 0.999913573 0.005306912 -0.224325567 0.059878539 -0.004578000 0.998195112 20.927011490
0.998233616 0.011295494 -0.058326367 -1.069199443 -0.010824930 0.999906421 0.008377431 -0.229996741 0.058415528 -0.007731254 0.998262465 21.857652664
0.998325586 0.011130652 -0.056763433 -1.123966694 -0.010635260 0.999902725 0.009021927 -0.233088195 0.056858331 -0.008403126 0.998346806 22.801216125
0.998401821 0.011592645 -0.055311128 -1.179490089 -0.011274052 0.999918044 0.006068608 -0.236718863 0.055376943 -0.005435329 0.998450637 23.747146606
0.998438299 0.012116194 -0.054535061 -1.235408068 -0.012066340 0.999926388 0.001243379 -0.237996131 0.054546114 -0.000583398 0.998511016 24.684476852
0.998582006 0.008358905 -0.052574974 -1.332744718 -0.008392905 0.999964654 -0.000425976 -0.253935099 0.052569557 0.000866629 0.998616815 26.525854111
0.998579860 0.007299069 -0.052771948 -1.386313796 -0.007078804 0.999965429 0.004359631 -0.260162711 0.052801952 -0.003979878 0.998597085 27.509590149
0.998565078 0.003742460 -0.053419858 -1.440704226 -0.003345928 0.999966204 0.007510469 -0.263863117 0.053446162 -0.007320954 0.998543918 28.484779358
0.998404682 -0.005800964 -0.056163263 -1.535110116 0.005988863 0.999976993 0.003177871 -0.276482761 0.056143530 -0.003509157 0.998416483 30.404594421
0.998324752 -0.005936751 -0.057553075 -1.592084646 0.005897592 0.999982238 -0.000850220 -0.280199051 0.057557102 0.000509371 0.998342037 31.388015747
0.998206973 -0.004225110 -0.059708197 -1.663153172 0.004124712 0.999989867 -0.001804636 -0.283327132 0.059715223 0.001555121 0.998214245 32.383827209
0.998170853 -0.004576754 -0.060282860 -1.713136673 0.004600124 0.999989390 0.000248884 -0.304880470 0.060281083 -0.000525738 0.998181283 33.307456970
0.998114526 -0.001412898 -0.061363112 -1.782507420 0.001600105 0.999994218 0.003001782 -0.314660251 0.061358519 -0.003094310 0.998110950 34.302768707
0.998021483 -0.001440138 -0.062857628 -1.841586709 0.001726764 0.999988377 0.004505841 -0.327630818 0.062850393 -0.004605466 0.998012304 35.268356323
0.997955382 -0.000079776 -0.063915260 -1.906960726 0.000521742 0.999976039 0.006898222 -0.330613196 0.063913181 -0.006917465 0.997931480 36.249340057
0.997980237 0.000305937 -0.063523382 -1.969009399 0.000331608 0.999949694 0.010025588 -0.341143459 0.063523263 -0.010026403 0.997929990 37.219615936
0.997923672 0.005893254 -0.064136826 -2.041748762 -0.005121533 0.999912560 0.012190179 -0.338594407 0.064203069 -0.011836389 0.997866631 38.203163147
0.997908533 0.006376075 -0.064326562 -2.113832951 -0.005650579 0.999918401 0.011453981 -0.341855198 0.064394355 -0.011066544 0.997863173 39.190139771
0.997904420 0.006277886 -0.064400055 -2.165890932 -0.005643623 0.999933779 0.010025987 -0.348797083 0.064458720 -0.009641526 0.997873783 40.154544830
0.997884393 0.008617959 -0.064438991 -2.241757154 -0.008135749 0.999936879 0.007741848 -0.350082755 0.064501628 -0.007201209 0.997891605 41.150123596
0.997844398 0.007925331 -0.065143839 -2.314887047 -0.007433841 0.999942064 0.007783599 -0.351170093 0.065201744 -0.007282551 0.997845531 42.132675171
0.997720122 0.007651060 -0.067052245 -2.442174911 -0.006994087 0.999925196 0.010027221 -0.366488159 0.067123935 -0.009535394 0.997699022 44.063701630
0.997678697 0.009640340 -0.067410171 -2.510647535 -0.009212570 0.999935448 0.006653749 -0.379155338 0.067469954 -0.006017284 0.997703135 45.052200317
0.997573972 0.010043378 -0.068885036 -2.578760624 -0.009912886 0.999948382 0.002235903 -0.380516827 0.068903923 -0.001547629 0.997622132 46.020988464
0.997518241 0.011012727 -0.069542862 -2.651622295 -0.010987186 0.999939382 0.000749781 -0.382386386 0.069546908 0.000016160 0.997578740 46.972980499
0.997553468 0.009727485 -0.069227710 -2.730358124 -0.009418690 0.999944150 0.004785603 -0.401953936 0.069270395 -0.004121861 0.997589290 47.937370300
0.997543216 0.007674555 -0.069631740 -2.774674892 -0.007136001 0.999942660 0.007979777 -0.407350540 0.069688976 -0.007463280 0.997540832 48.898075104
0.997557938 0.005839883 -0.069599502 -2.846015215 -0.005240808 0.999947608 0.008786961 -0.415612489 0.069647171 -0.008400744 0.997536242 49.861667633
0.997540236 0.002848051 -0.070037588 -2.911860704 -0.002341176 0.999970615 0.007318194 -0.419926256 0.070056349 -0.007136222 0.997517467 50.820293427
0.997439384 -0.002145577 -0.071484528 -3.034564495 0.002681497 0.999968946 0.007401880 -0.434235692 0.071466446 -0.007574613 0.997414231 52.667469025
0.997347295 -0.005404975 -0.072588034 -3.102399349 0.006239088 0.999916971 0.011269239 -0.433569014 0.072521105 -0.011692229 0.997298300 53.624286652
0.997298479 -0.005636975 -0.073238179 -3.168082952 0.006840440 0.999845505 0.016191779 -0.435686588 0.073135592 -0.016649019 0.997183025 54.563690186
0.997249365 -0.004074177 -0.074007653 -3.241046190 0.005462028 0.999812841 0.018560100 -0.436693430 0.073918179 -0.018913284 0.997084916 55.515457153
0.997051775 -0.001755667 -0.076711789 -3.389785767 0.002299380 0.999972880 0.006999982 -0.440002173 0.076697417 -0.007155733 0.997028708 57.354133606
0.996988297 0.000232308 -0.077552043 -3.471306324 -0.000070336 0.999997735 0.002091283 -0.443999797 0.077552363 -0.002079530 0.996986091 58.274692535
0.996899962 0.005221074 -0.078506380 -3.549641609 -0.004997177 0.999982834 0.003048161 -0.453899503 0.078520946 -0.002646401 0.996908963 59.167411804
0.996640444 0.012526024 -0.080936819 -3.699435234 -0.011975015 0.999901652 0.007289805 -0.506531954 0.081020184 -0.006296095 0.996692598 61.093967438
0.996433318 0.013858937 -0.083237328 -3.769337893 -0.013221801 0.999879003 0.008200837 -0.512669027 0.083340906 -0.007071042 0.996496022 61.950054169
0.996359766 0.015250605 -0.083872981 -3.849447012 -0.014557703 0.999854743 0.008866779 -0.525005698 0.083996035 -0.007613504 0.996437013 62.779140472
0.996223867 0.014916075 -0.085530661 -3.918759823 -0.014184697 0.999857426 0.009152506 -0.527635276 0.085654996 -0.007904719 0.996293485 63.600940704
0.996128917 0.014644014 -0.086675517 -3.992542982 -0.013812101 0.999852657 0.010189978 -0.531950414 0.086811967 -0.008953363 0.996184468 64.412239075
0.995943427 0.017640881 -0.088235691 -4.061110497 -0.016545283 0.999776840 0.013132784 -0.540591359 0.088447690 -0.011619625 0.996013045 65.190956116
0.995835781 0.019313332 -0.089095980 -4.143178940 -0.017866848 0.999695778 0.017004218 -0.541271210 0.089397281 -0.015341547 0.995877862 65.986907959
0.995598912 0.022351593 -0.091012217 -4.217782497 -0.020707803 0.999605656 0.018965770 -0.543874264 0.091400243 -0.016997635 0.995669186 66.748901367
0.995374799 0.024711201 -0.092835039 -4.284762859 -0.023444878 0.999616921 0.014706688 -0.546246052 0.093162894 -0.012462162 0.995572984 67.505722046
0.995260179 0.025057597 -0.093964241 -4.363551617 -0.024443835 0.999671817 0.007677308 -0.554418623 0.094125785 -0.005344072 0.995545983 68.217407227
0.995126724 0.024258519 -0.095575176 -4.432086945 -0.024194714 0.999705613 0.001826556 -0.557486773 0.095591359 0.000494759 0.995420516 68.924110413
0.995039344 0.025022302 -0.096284673 -4.501201153 -0.025106391 0.999684751 0.000338256 -0.556985259 0.096262783 0.002080783 0.995353758 69.622116089
0.994947314 0.027530812 -0.096549340 -4.582831860 -0.027268561 0.999619961 0.004034868 -0.565202892 0.096623741 -0.001381721 0.995320022 70.292068481
0.994792223 0.027896781 -0.098031953 -4.648065567 -0.027411733 0.999604404 0.006291535 -0.574890792 0.098168701 -0.003571546 0.995163381 70.951934814
0.994968653 0.016638393 -0.098795727 -4.770143032 -0.016914632 0.999854982 -0.001959058 -0.601530790 0.098748811 0.003620295 0.995105743 72.181716919
0.995110273 0.012324098 -0.097998157 -4.821481228 -0.013046626 0.999892116 -0.006735440 -0.609091520 0.097904593 0.007981051 0.995163798 72.773605347
0.995334387 0.014569961 -0.095379405 -4.871754646 -0.015315994 0.999857545 -0.007094247 -0.617147803 0.095262468 0.008521979 0.995415688 73.368682861
0.995652437 0.019856371 -0.091004722 -4.933703423 -0.020282825 0.999787211 -0.003763548 -0.631806493 0.090910628 0.005593019 0.995843351 73.922187805
0.996102929 0.018351775 -0.086267836 -4.983305931 -0.018515138 0.999827981 -0.001093929 -0.638157010 0.086232923 0.002686927 0.996271372 74.474723816
0.996640623 0.014781071 -0.080555052 -5.015257835 -0.014588288 0.999889076 0.002981193 -0.647481322 0.080590189 -0.001796017 0.996745706 75.015083313
0.997322679 0.010093699 -0.072426453 -5.043703556 -0.009658304 0.999933004 0.006359245 -0.656788588 0.072485797 -0.005642702 0.997353554 75.549339294
0.997998416 0.013821019 -0.061709601 -5.074123383 -0.013453052 0.999889195 0.006374347 -0.670196652 0.061790850 -0.005531405 0.998073816 76.054267883
0.998750627 0.019048495 -0.046197765 -5.108881474 -0.018801391 0.999806523 0.005777470 -0.674050331 0.046298876 -0.004901671 0.998915613 76.562629700
0.999318480 0.024008855 -0.028039126 -5.122260571 -0.023844877 0.999696553 0.006167990 -0.677608013 0.028178712 -0.005495197 0.999587774 77.054061890
0.999726951 0.022646362 -0.005762193 -5.112742901 -0.022608759 0.999723196 0.006509301 -0.681610525 0.005908012 -0.006377248 0.999962270 77.535713196
0.999613047 0.019100688 0.020219527 -5.078771591 -0.019249888 0.999788702 0.007210232 -0.686659276 -0.020077538 -0.007596666 0.999769568 77.999885559
0.998586893 0.018070277 0.049976900 -5.038284302 -0.018535616 0.999788880 0.008863347 -0.698410809 -0.049806181 -0.009777175 0.998711050 78.445892334
0.996401370 0.017575337 0.082917534 -4.984445572 -0.018486669 0.999776721 0.010235865 -0.707049966 -0.082719140 -0.011731898 0.996503770 78.886192322
0.992559016 0.017527722 0.120496444 -4.906148911 -0.018882886 0.999770582 0.010113805 -0.708034158 -0.120291546 -0.012313867 0.992662191 79.327087402
0.986589789 0.017636724 0.162263930 -4.813904762 -0.019455617 0.999764383 0.009627166 -0.711332500 -0.162055910 -0.012655009 0.986700296 79.756515503
0.966557801 0.019039566 0.255741060 -4.569080353 -0.021563660 0.999742448 0.007069104 -0.730930984 -0.255540609 -0.012347410 0.966719449 80.544013977
0.940051734 0.030661127 0.339650691 -4.240858078 -0.031242264 0.999504745 -0.003758547 -0.634333491 -0.339597702 -0.007078230 0.940544128 81.302291870
0.918266177 0.031736672 0.394689918 -4.042509079 -0.031089339 0.999484241 -0.008036740 -0.630509198 -0.394741416 -0.004890784 0.918779135 81.666481018
0.891950905 0.031661004 0.451022297 -3.832923889 -0.030697895 0.999483943 -0.009453297 -0.656208754 -0.451088816 -0.005413556 0.892462671 82.009361267
0.860977411 0.031899586 0.507641971 -3.605136871 -0.029370520 0.999484062 -0.012992973 -0.662724257 -0.507794559 -0.003723051 0.861470103 82.321472168
0.786763310 0.030924873 0.616479635 -3.081134796 -0.024704611 0.999521494 -0.018611144 -0.686341465 -0.616760135 -0.000587327 0.787150919 82.898361206
0.744574189 0.029301520 0.666896224 -2.792491913 -0.021450929 0.999570429 -0.019968804 -0.687642455 -0.667194903 0.000562711 0.744882882 83.180541992
0.653339803 0.028420947 0.756531060 -2.173980713 -0.020692445 0.999592125 -0.019682145 -0.710421801 -0.756781936 -0.002795348 0.653661430 83.637329102
0.558758736 0.024498522 0.828968287 -1.481330872 -0.008067723 0.999676824 -0.024105497 -0.724773824 -0.829290926 0.006781271 0.558775902 84.004798889
0.510376155 0.027199440 0.859521031 -1.120372772 -0.005916912 0.999587059 -0.028118398 -0.711684108 -0.859930873 0.009265250 0.510326326 84.189674377
0.464710742 0.027678357 0.885029852 -0.843994141 -0.010427374 0.999613047 -0.025786625 -0.769330978 -0.885401130 0.002754784 0.464819551 84.225357056
0.418698192 0.029873447 0.907633960 -0.492288589 -0.010077319 0.999550104 -0.028249992 -0.782589734 -0.908069491 0.002681704 0.418810904 84.347785950
0.375625551 0.027794801 0.926354647 -0.136837006 -0.002008455 0.999572217 -0.029177252 -0.792459249 -0.926769316 0.009099180 0.375520676 84.446067810
0.335884571 0.020091522 0.941688895 0.233079910 0.013704930 0.999562323 -0.026214609 -0.810172856 -0.941803396 0.021710865 0.335462272 84.521209717
0.266570389 0.020556584 0.963596165 0.979640961 0.016920431 0.999518692 -0.026003808 -0.833329022 -0.963666916 0.023236308 0.266094267 84.687919617
0.234535158 0.028466765 0.971690714 1.332899094 0.005723949 0.999513388 -0.030663436 -0.850441098 -0.972090781 0.012753564 0.234258056 84.779739380
0.205938175 0.032858562 0.978013217 1.714105606 0.001336795 0.999425590 -0.033859450 -0.873151779 -0.978564084 0.008280357 0.205775976 84.848350525
0.180062830 0.034425709 0.983052671 2.104820251 0.003221591 0.999361455 -0.035586923 -0.896426797 -0.983649850 0.009574873 0.179836929 84.898384094
0.156133115 0.035860725 0.987084866 2.518477440 0.010822505 0.999218702 -0.038013406 -0.915988684 -0.987676740 0.016617881 0.155623019 84.945373535
0.136629164 0.042408176 0.989714086 2.931857109 0.018810064 0.998792052 -0.045393862 -0.921499908 -0.990443647 0.024818711 0.135666400 84.969474792
0.116537184 0.049561657 0.991949022 3.355831146 0.021216054 0.998402059 -0.052376606 -0.926526010 -0.992959738 0.027149061 0.115299419 85.007583618
0.099396951 0.050276268 0.993776858 3.784564018 0.020204283 0.998414874 -0.052531723 -0.939166129 -0.994842827 0.025300041 0.098223589 85.043876648
0.083852284 0.045769691 0.995426536 4.244131088 0.018379198 0.998703599 -0.047468584 -0.972197592 -0.996308744 0.022275489 0.082902372 85.077423096
0.069362096 0.042445362 0.996688247 4.709848404 0.018883588 0.998859525 -0.043852001 -1.000832319 -0.997412860 0.021862712 0.068481460 85.102210999
0.056161907 0.040376674 0.997604907 5.187645912 0.021134816 0.998909950 -0.041619323 -1.025389791 -0.998197913 0.023421619 0.055247329 85.113098145
0.044626292 0.039570179 0.998219728 5.677526951 0.025635583 0.998840809 -0.040740862 -1.048066497 -0.998674691 0.027408062 0.043560155 85.123802185
0.026498437 0.040869907 0.998813033 6.696676254 0.031132121 0.998645484 -0.041688982 -1.097765088 -0.999163926 0.032199863 0.025190176 85.142852783
0.021023571 0.041447751 0.998919427 7.259906769 0.032960482 0.998568416 -0.042126875 -1.121834993 -0.999235570 0.033810519 0.019627340 85.143409729
0.015442449 0.042415436 0.998980701 7.819921017 0.034378730 0.998486519 -0.042925894 -1.148740411 -0.999289572 0.035006564 0.013960890 85.152244568
0.009667484 0.042995419 0.999028444 8.401202202 0.034914225 0.998451471 -0.043308444 -1.175319314 -0.999343574 0.035298988 0.008151362 85.152488708
0.002396532 0.043009531 0.999071717 9.596853256 0.039113875 0.998306215 -0.043070383 -1.236159801 -0.999231875 0.039180793 0.000710203 85.145713806
-0.000548110 0.042605314 0.999091804 10.241189003 0.040031545 0.998292089 -0.042549249 -1.265028477 -0.999198318 0.039971873 -0.002252730 85.141593933
-0.002957006 0.041889787 0.999117792 10.890604973 0.041805241 0.998253942 -0.041729834 -1.296984792 -0.999121428 0.041644976 -0.004703056 85.137046814
-0.002392313 0.041496083 0.999135792 12.249314308 0.049512375 0.997918248 -0.041326955 -1.357595921 -0.998770654 0.049370721 -0.004441903 85.119102478
0.013781753 0.038853183 0.999149859 14.904694557 0.055437364 0.997678101 -0.039560631 -1.487063527 -0.998367071 0.055935454 0.011595836 85.040603638
0.017533377 0.037125926 0.999156773 15.741968155 0.054553118 0.997786224 -0.038032316 -1.533030987 -0.998356938 0.055173956 0.015469228 85.065612793
0.021659872 0.035073057 0.999150097 16.531320572 0.051295735 0.998029172 -0.036145706 -1.566093206 -0.998448610 0.052035045 0.019818084 85.092399597
0.025487497 0.033953294 0.999098301 17.324001312 0.050250798 0.998116076 -0.035201829 -1.600378275 -0.998411417 0.051102694 0.023733299 85.124191284
0.029346779 0.034812100 0.998962820 18.123723984 0.047671165 0.998207390 -0.036186215 -1.636878014 -0.998431861 0.048683673 0.027634639 85.160232544
0.032604154 0.038860388 0.998712540 18.906475067 0.045567259 0.998147011 -0.040325966 -1.675480485 -0.998429000 0.046823394 0.030772978 85.176727295
0.033973712 0.044019487 0.998452842 19.708999634 0.039564461 0.998187125 -0.045354001 -1.714681625 -0.998639286 0.041044090 0.032170516 85.212577820
0.033808026 0.047033399 0.998321056 20.518224716 0.036501639 0.998167455 -0.048262294 -1.756594419 -0.998761535 0.038072009 0.032029267 85.243492126
0.033744942 0.044655662 0.998432279 22.153713226 0.031359818 0.998462081 -0.045716885 -1.852439046 -0.998938501 0.032853376 0.032292645 85.313560486
0.033475447 0.043571364 0.998489320 23.013492584 0.032096930 0.998487055 -0.044647358 -1.896327615 -0.998924077 0.033543039 0.032026298 85.352058411
0.033532921 0.042632751 0.998527884 23.783319473 0.029844116 0.998601496 -0.043638125 -1.946843505 -0.998991907 0.031263500 0.032213695 85.382156372
0.033786792 0.042548094 0.998522937 24.593271255 0.027988356 0.998661220 -0.043501023 -1.998857617 -0.999037147 0.029416779 0.032550704 85.409500122
0.033687018 0.042385980 0.998533249 25.411300659 0.024668280 0.998760581 -0.043227866 -2.054882288 -0.999127924 0.026088312 0.032599684 85.440795898
0.020968361 0.027236022 0.999409080 25.977828979 -0.017033720 0.999493480 -0.026880946 -2.451057196 -0.999635041 -0.016460007 0.021421677 85.496490479
0.014921694 0.024793692 0.999581158 26.790904999 -0.019158227 0.999516129 -0.024506085 -2.486058235 -0.999705136 -0.018784536 0.015389482 85.512351990
0.006456815 0.024801379 0.999671519 27.595125198 -0.019720977 0.999501050 -0.024669778 -2.521478653 -0.999784768 -0.019555213 0.006942703 85.527900696
-0.001072323 0.026443891 0.999649644 28.391630173 -0.019707756 0.999455512 -0.026459895 -2.543836832 -0.999805212 -0.019729229 -0.000550590 85.512588501
-0.011003580 0.026593609 0.999585688 29.195346832 -0.019111995 0.999458075 -0.026800597 -2.574721813 -0.999756753 -0.019398982 -0.010489360 85.504096985
-0.021206804 0.026090804 0.999434531 29.995174408 -0.017097877 0.999503791 -0.026455404 -2.604809284 -0.999628901 -0.017649246 -0.020750182 85.486366272
-0.032578960 0.025047181 0.999155283 30.782444000 -0.018636640 0.999496877 -0.025663426 -2.635632753 -0.999295354 -0.019456990 -0.032095771 85.466026306
-0.068907268 0.022403864 0.997371435 31.874908447 -0.021424599 0.999483943 -0.023931520 -2.724750757 -0.997393012 -0.023017343 -0.068391725 85.755218506
-0.079959609 0.022789983 0.996537566 32.652446747 -0.022085410 0.999452710 -0.024628730 -2.764927387 -0.996553481 -0.023978246 -0.079412527 85.698402405
-0.089857526 0.024409225 0.995655358 33.419193268 -0.021011049 0.999430656 -0.026398018 -2.784753084 -0.995732903 -0.023291824 -0.089293510 85.627342224
-0.108933873 0.025264112 0.993727922 34.738147736 -0.019159397 0.999437928 -0.027509557 -2.852099180 -0.993864357 -0.022035951 -0.108388580 85.489082336
-0.118095063 0.025545200 0.992673695 35.474376678 -0.018577805 0.999437273 -0.027929392 -2.885437965 -0.992828429 -0.021740023 -0.117554054 85.398612976
-0.126618057 0.025007980 0.991636276 36.200717926 -0.017308390 0.999474227 -0.027415683 -2.916233540 -0.991800487 -0.020634949 -0.126118630 85.300033569
-0.134022027 0.024049768 0.990686595 36.932823181 -0.015505150 0.999532223 -0.026362073 -2.946031332 -0.990857065 -0.018893840 -0.133586451 85.201164246
-0.142998606 0.020971049 0.989500701 38.344264984 -0.009668260 0.999698281 -0.022584386 -3.004914284 -0.989675641 -0.012796284 -0.142752692 84.991622925
-0.145607233 0.020037284 0.989139557 39.062088013 -0.008170621 0.999736428 -0.021454712 -3.027447462 -0.989308715 -0.011205842 -0.145405099 84.885505676
-0.147398412 0.019120121 0.988892376 39.734462738 -0.007983893 0.999757588 -0.020520231 -3.055089235 -0.989044964 -0.010919860 -0.147210017 84.785301208
-0.148366496 0.019692596 0.988736331 40.402805328 -0.007392222 0.999751687 -0.021021239 -3.077019215 -0.988904834 -0.010427810 -0.148184061 84.690116882
-0.146862134 0.021120073 0.988931417 41.059532166 -0.005238855 0.999741435 -0.022128934 -3.103650808 -0.989143193 -0.008430772 -0.146713510 84.583343506
-0.143440828 0.022563703 0.989401639 41.689029694 -0.003486885 0.999722362 -0.023304587 -3.134712696 -0.989652753 -0.006792759 -0.143322319 84.476142883
-0.131168753 0.023406457 0.991083622 42.832244873 -0.006044519 0.999683797 -0.024409549 -3.182984591 -0.991341591 -0.009192396 -0.130985796 84.344696045
-0.119951300 0.023396466 0.992504060 43.413330078 -0.007237629 0.999675095 -0.024440235 -3.205581665 -0.992753446 -0.010115013 -0.119742997 84.282157898
-0.106666312 0.023743829 0.994011283 43.967014313 -0.008220545 0.999659657 -0.024760887 -3.229036093 -0.994260907 -0.010812466 -0.106434800 84.238189697
-0.089433514 0.024340488 0.995695293 44.507598877 -0.009742431 0.999632180 -0.025311792 -3.264271498 -0.995945156 -0.011964217 -0.089163452 84.204238892
-0.068270974 0.027276110 0.997293830 45.021903992 -0.011367499 0.999540031 -0.028115720 -3.279947281 -0.997601986 -0.013256225 -0.067929484 84.183616638
-0.043414526 0.030425925 0.998593688 45.548156738 -0.013181979 0.999431610 -0.031024551 -3.301975250 -0.998970151 -0.014510357 -0.042988781 84.174171448
-0.015135644 0.031853277 0.999378026 46.065402985 -0.015271461 0.999368429 -0.032084260 -3.327232361 -0.999768794 -0.015747577 -0.014639642 84.188194275
0.018110473 0.031609010 0.999336243 46.572463989 -0.017109949 0.999363542 -0.031299800 -3.342949152 -0.999689579 -0.016531734 0.018639777 84.218353271
0.056943979 0.029095478 0.997953296 47.067481995 -0.017922465 0.999443889 -0.028116269 -3.364092827 -0.998216510 -0.016284728 0.057433784 84.257469177
0.098291337 0.024994560 0.994843781 47.566799164 -0.020403590 0.999524951 -0.023096284 -3.388483524 -0.994948447 -0.018028218 0.098754637 84.343429565
0.228706464 0.031825911 0.972975016 46.358093262 0.003169689 0.999435782 -0.033436496 -3.114460468 -0.973490298 0.010731171 0.228476539 83.514854431
0.343079954 0.030987421 0.938794911 45.580615997 0.002472670 0.999422431 -0.033892218 -3.167740345 -0.939302921 0.013949075 0.342805237 82.783790588
0.461951315 0.015390978 0.886771858 45.140708923 0.013311386 0.999616504 -0.024283919 -3.430200577 -0.886805415 0.023022151 0.461569339 81.929283142
0.570374072 -0.002972519 0.821379662 44.824028015 0.017103948 0.999819577 -0.008258868 -3.759787560 -0.821206987 0.018759478 0.570322037 81.086738586
0.644199550 -0.007071689 0.764824748 44.921421051 0.011519747 0.999933541 -0.000457356 -3.961750269 -0.764770687 0.009105217 0.644238174 80.853012085
0.694810569 -0.005861973 0.719168842 45.243110657 0.014784520 0.999871850 -0.006133775 -3.973378181 -0.719040692 0.014894378 0.694808185 81.206741333
0.743449390 -0.001211223 0.668791056 45.540107727 0.012003513 0.999861419 -0.011532673 -3.969426632 -0.668684483 0.016601803 0.743360817 81.583007812
0.788771629 -0.000429902 0.614686072 45.816116333 0.009690183 0.999884188 -0.011735243 -4.004949093 -0.614609897 0.015212851 0.788684428 81.981300354
0.788771629 -0.000429902 0.614686072 45.816123962 0.009690183 0.999884188 -0.011735243 -4.004949093 -0.614609897 0.015212851 0.788684428 81.981292725
0.788771629 -0.000429902 0.614686072 45.816123962 0.009690183 0.999884188 -0.011735243 -4.004949093 -0.614609897 0.015212851 0.788684428 81.981292725
0.788771629 -0.000429902 0.614686072 45.816123962 0.009690183 0.999884188 -0.011735243 -4.004949093 -0.614609897 0.015212851 0.788684428 81.981292725
0.788771629 -0.000429902 0.614686072 45.816123962 0.009690183 0.999884188 -0.011735243 -4.004949093 -0.614609897 0.015212851 0.788684428 81.981292725
0.788771629 -0.000429902 0.614686072 45.816123962 0.009690183 0.999884188 -0.011735243 -4.004949093 -0.614609897 0.015212851 0.788684428 81.981292725
0.788771629 -0.000429902 0.614686072 45.816123962 0.009690183 0.999884188 -0.011735243 -4.004949093 -0.614609897 0.015212851 0.788684428 81.981292725
0.788771629 -0.000429902 0.614686072 45.816123962 0.009690183 0.999884188 -0.011735243 -4.004949093 -0.614609897 0.015212851 0.788684428 81.981292725
0.788771629 -0.000429902 0.614686072 45.816123962 0.009690183 0.999884188 -0.011735243 -4.004949093 -0.614609897 0.015212851 0.788684428 81.981292725
0.788771629 -0.000429902 0.614686072 45.816123962 0.009690183 0.999884188 -0.011735243 -4.004949093 -0.614609897 0.015212851 0.788684428 81.981292725
0.788771629 -0.000429902 0.614686072 45.816123962 0.009690183 0.999884188 -0.011735243 -4.004949093 -0.614609897 0.015212851 0.788684428 81.981292725
0.788771629 -0.000429902 0.614686072 45.816123962 0.009690183 0.999884188 -0.011735243 -4.004949093 -0.614609897 0.015212851 0.788684428 81.981292725
0.788771629 -0.000429902 0.614686072 45.816123962 0.009690183 0.999884188 -0.011735243 -4.004949093 -0.614609897 0.015212851 0.788684428 81.981292725
0.788771629 -0.000429902 0.614686072 45.816123962 0.009690183 0.999884188 -0.011735243 -4.004949093 -0.614609897 0.015212851 0.788684428 81.981292725
0.788771629 -0.000429902 0.614686072 45.816123962 0.009690183 0.999884188 -0.011735243 -4.004949093 -0.614609897 0.015212851 0.788684428 81.981292725
0.788771629 -0.000429902 0.614686072 45.816123962 0.009690183 0.999884188 -0.011735243 -4.004949093 -0.614609897 0.015212851 0.788684428 81.981292725
0.788771629 -0.000429902 0.614686072 45.816123962 0.009690183 0.999884188 -0.011735243 -4.004949093 -0.614609897 0.015212851 0.788684428 81.981292725
0.788771629 -0.000429902 0.614686072 45.816123962 0.009690183 0.999884188 -0.011735243 -4.004949093 -0.614609897 0.015212851 0.788684428 81.981292725
0.788771629 -0.000429902 0.614686072 45.816123962 0.009690183 0.999884188 -0.011735243 -4.004949093 -0.614609897 0.015212851 0.788684428 81.981292725
0.788771629 -0.000429902 0.614686072 45.816123962 0.009690183 0.999884188 -0.011735243 -4.004949093 -0.614609897 0.015212851 0.788684428 81.981292725
0.788771629 -0.000429902 0.614686072 45.816123962 0.009690183 0.999884188 -0.011735243 -4.004949093 -0.614609897 0.015212851 0.788684428 81.981292725
0.788771629 -0.000429902 0.614686072 45.816123962 0.009690183 0.999884188 -0.011735243 -4.004949093 -0.614609897 0.015212851 0.788684428 81.981292725
0.788771629 -0.000429902 0.614686072 45.816123962 0.009690183 0.999884188 -0.011735243 -4.004949093 -0.614609897 0.015212851 0.788684428 81.981292725
0.788771629 -0.000429902 0.614686072 45.816123962 0.009690183 0.999884188 -0.011735243 -4.004949093 -0.614609897 0.015212851 0.788684428 81.981292725
0.788771629 -0.000429902 0.614686072 45.816123962 0.009690183 0.999884188 -0.011735243 -4.004949093 -0.614609897 0.015212851 0.788684428 81.981292725
0.788771629 -0.000429902 0.614686072 45.816123962 0.009690183 0.999884188 -0.011735243 -4.004949093 -0.614609897 0.015212851 0.788684428 81.981292725
0.788771629 -0.000429902 0.614686072 45.816123962 0.009690183 0.999884188 -0.011735243 -4.004949093 -0.614609897 0.015212851 0.788684428 81.981292725
0.788771629 -0.000429902 0.614686072 45.816123962 0.009690183 0.999884188 -0.011735243 -4.004949093 -0.614609897 0.015212851 0.788684428 81.981292725
0.788771629 -0.000429902 0.614686072 45.816123962 0.009690183 0.999884188 -0.011735243 -4.004949093 -0.614609897 0.015212851 0.788684428 81.981292725
0.788771629 -0.000429902 0.614686072 45.816123962 0.009690183 0.999884188 -0.011735243 -4.004949093 -0.614609897 0.015212851 0.788684428 81.981292725
0.788771629 -0.000429902 0.614686072 45.816123962 0.009690183 0.999884188 -0.011735243 -4.004949093 -0.614609897 0.015212851 0.788684428 81.981292725
0.788771629 -0.000429902 0.614686072 45.816123962 0.009690183 0.999884188 -0.011735243 -4.004949093 -0.614609897 0.015212851 0.788684428 81.981292725
0.788771629 -0.000429902 0.614686072 45.816123962 0.009690183 0.999884188 -0.011735243 -4.004949093 -0.614609897 0.015212851 0.788684428 81.981292725
0.788771629 -0.000429902 0.614686072 45.816123962 0.009690183 0.999884188 -0.011735243 -4.004949093 -0.614609897 0.015212851 0.788684428 81.981292725
0.788771629 -0.000429902 0.614686072 45.816123962 0.009690183 0.999884188 -0.011735243 -4.004949093 -0.614609897 0.015212851 0.788684428 81.981292725
0.788771629 -0.000429902 0.614686072 45.816123962 0.009690183 0.999884188 -0.011735243 -4.004949093 -0.614609897 0.015212851 0.788684428 81.981292725
0.788771629 -0.000429902 0.614686072 45.816123962 0.009690183 0.999884188 -0.011735243 -4.004949093 -0.614609897 0.015212851 0.788684428 81.981292725
0.788771629 -0.000429902 0.614686072 45.816123962 0.009690183 0.999884188 -0.011735243 -4.004949093 -0.614609897 0.015212851 0.788684428 81.981292725
0.788771629 -0.000429902 0.614686072 45.816123962 0.009690183 0.999884188 -0.011735243 -4.004949093 -0.614609897 0.015212851 0.788684428 81.981292725
0.788771629 -0.000429902 0.614686072 45.816123962 0.009690183 0.999884188 -0.011735243 -4.004949093 -0.614609897 0.015212851 0.788684428 81.981292725
0.788771629 -0.000429902 0.614686072 45.816123962 0.009690183 0.999884188 -0.011735243 -4.004949093 -0.614609897 0.015212851 0.788684428 81.981292725
0.788771629 -0.000429902 0.614686072 45.816123962 0.009690183 0.999884188 -0.011735243 -4.004949093 -0.614609897 0.015212851 0.788684428 81.981292725
0.788771629 -0.000429902 0.614686072 45.816123962 0.009690183 0.999884188 -0.011735243 -4.004949093 -0.614609897 0.015212851 0.788684428 81.981292725
0.788771629 -0.000429902 0.614686072 45.816123962 0.009690183 0.999884188 -0.011735243 -4.004949093 -0.614609897 0.015212851 0.788684428 81.981292725
0.788771629 -0.000429902 0.614686072 45.816123962 0.009690183 0.999884188 -0.011735243 -4.004949093 -0.614609897 0.015212851 0.788684428 81.981292725
0.788771629 -0.000429902 0.614686072 45.816123962 0.009690183 0.999884188 -0.011735243 -4.004949093 -0.614609897 0.015212851 0.788684428 81.981292725
0.788771629 -0.000429902 0.614686072 45.816123962 0.009690183 0.999884188 -0.011735243 -4.004949093 -0.614609897 0.015212851 0.788684428 81.981292725
0.788771629 -0.000429902 0.614686072 45.816123962 0.009690183 0.999884188 -0.011735243 -4.004949093 -0.614609897 0.015212851 0.788684428 81.981292725
0.788771629 -0.000429902 0.614686072 45.816123962 0.009690183 0.999884188 -0.011735243 -4.004949093 -0.614609897 0.015212851 0.788684428 81.981292725
0.788771629 -0.000429902 0.614686072 45.816123962 0.009690183 0.999884188 -0.011735243 -4.004949093 -0.614609897 0.015212851 0.788684428 81.981292725
0.788771629 -0.000429902 0.614686072 45.816123962 0.009690183 0.999884188 -0.011735243 -4.004949093 -0.614609897 0.015212851 0.788684428 81.981292725
0.788771629 -0.000429902 0.614686072 45.816123962 0.009690183 0.999884188 -0.011735243 -4.004949093 -0.614609897 0.015212851 0.788684428 81.981292725
0.788771629 -0.000429902 0.614686072 45.816123962 0.009690183 0.999884188 -0.011735243 -4.004949093 -0.614609897 0.015212851 0.788684428 81.981292725
0.788771629 -0.000429902 0.614686072 45.816123962 0.009690183 0.999884188 -0.011735243 -4.004949093 -0.614609897 0.015212851 0.788684428 81.981292725
0.788771629 -0.000429902 0.614686072 45.816123962 0.009690183 0.999884188 -0.011735243 -4.004949093 -0.614609897 0.015212851 0.788684428 81.981292725
0.788771629 -0.000429902 0.614686072 45.816123962 0.009690183 0.999884188 -0.011735243 -4.004949093 -0.614609897 0.015212851 0.788684428 81.981292725
0.788771629 -0.000429902 0.614686072 45.816123962 0.009690183 0.999884188 -0.011735243 -4.004949093 -0.614609897 0.015212851 0.788684428 81.981292725
0.788771629 -0.000429902 0.614686072 45.816123962 0.009690183 0.999884188 -0.011735243 -4.004949093 -0.614609897 0.015212851 0.788684428 81.981292725
0.788771629 -0.000429902 0.614686072 45.816123962 0.009690183 0.999884188 -0.011735243 -4.004949093 -0.614609897 0.015212851 0.788684428 81.981292725
0.788771629 -0.000429902 0.614686072 45.816123962 0.009690183 0.999884188 -0.011735243 -4.004949093 -0.614609897 0.015212851 0.788684428 81.981292725
0.788771629 -0.000429902 0.614686072 45.816123962 0.009690183 0.999884188 -0.011735243 -4.004949093 -0.614609897 0.015212851 0.788684428 81.981292725
0.788771629 -0.000429902 0.614686072 45.816123962 0.009690183 0.999884188 -0.011735243 -4.004949093 -0.614609897 0.015212851 0.788684428 81.981292725
0.788771629 -0.000429902 0.614686072 45.816123962 0.009690183 0.999884188 -0.011735243 -4.004949093 -0.614609897 0.015212851 0.788684428 81.981292725
0.788771629 -0.000429902 0.614686072 45.816123962 0.009690183 0.999884188 -0.011735243 -4.004949093 -0.614609897 0.015212851 0.788684428 81.981292725
0.788771629 -0.000429902 0.614686072 45.816123962 0.009690183 0.999884188 -0.011735243 -4.004949093 -0.614609897 0.015212851 0.788684428 81.981292725
0.788771629 -0.000429902 0.614686072 45.816123962 0.009690183 0.999884188 -0.011735243 -4.004949093 -0.614609897 0.015212851 0.788684428 81.981292725
0.788771629 -0.000429902 0.614686072 45.816123962 0.009690183 0.999884188 -0.011735243 -4.004949093 -0.614609897 0.015212851 0.788684428 81.981292725
0.788771629 -0.000429902 0.614686072 45.816123962 0.009690183 0.999884188 -0.011735243 -4.004949093 -0.614609897 0.015212851 0.788684428 81.981292725
0.788771629 -0.000429902 0.614686072 45.816123962 0.009690183 0.999884188 -0.011735243 -4.004949093 -0.614609897 0.015212851 0.788684428 81.981292725
0.788771629 -0.000429902 0.614686072 45.816123962 0.009690183 0.999884188 -0.011735243 -4.004949093 -0.614609897 0.015212851 0.788684428 81.981292725
0.788771629 -0.000429902 0.614686072 45.816123962 0.009690183 0.999884188 -0.011735243 -4.004949093 -0.614609897 0.015212851 0.788684428 81.981292725
0.788771629 -0.000429902 0.614686072 45.816123962 0.009690183 0.999884188 -0.011735243 -4.004949093 -0.614609897 0.015212851 0.788684428 81.981292725
0.788771629 -0.000429902 0.614686072 45.816123962 0.009690183 0.999884188 -0.011735243 -4.004949093 -0.614609897 0.015212851 0.788684428 81.981292725
0.788771629 -0.000429902 0.614686072 45.816123962 0.009690183 0.999884188 -0.011735243 -4.004949093 -0.614609897 0.015212851 0.788684428 81.981292725
0.788771629 -0.000429902 0.614686072 45.816123962 0.009690183 0.999884188 -0.011735243 -4.004949093 -0.614609897 0.015212851 0.788684428 81.981292725
0.788771629 -0.000429902 0.614686072 45.816123962 0.009690183 0.999884188 -0.011735243 -4.004949093 -0.614609897 0.015212851 0.788684428 81.981292725
0.788771629 -0.000429902 0.614686072 45.816123962 0.009690183 0.999884188 -0.011735243 -4.004949093 -0.614609897 0.015212851 0.788684428 81.981292725
0.788771629 -0.000429902 0.614686072 45.816123962 0.009690183 0.999884188 -0.011735243 -4.004949093 -0.614609897 0.015212851 0.788684428 81.981292725
0.788771629 -0.000429902 0.614686072 45.816123962 0.009690183 0.999884188 -0.011735243 -4.004949093 -0.614609897 0.015212851 0.788684428 81.981292725
0.788771629 -0.000429902 0.614686072 45.816123962 0.009690183 0.999884188 -0.011735243 -4.004949093 -0.614609897 0.015212851 0.788684428 81.981292725
0.788771629 -0.000429902 0.614686072 45.816123962 0.009690183 0.999884188 -0.011735243 -4.004949093 -0.614609897 0.015212851 0.788684428 81.981292725
0.788771629 -0.000429902 0.614686072 45.816123962 0.009690183 0.999884188 -0.011735243 -4.004949093 -0.614609897 0.015212851 0.788684428 81.981292725
0.788771629 -0.000429902 0.614686072 45.816123962 0.009690183 0.999884188 -0.011735243 -4.004949093 -0.614609897 0.015212851 0.788684428 81.981292725
